u: 40 45 
w: 34 42 43 44 45 
o: 16 17 19 20 28 29 31 32 40 41 45 
m: 14 16 17 27 28 29 36 
f: 13 14 15 16 17 31 
h: 11 21 22 26 30 37 38 39 45 
e: 2 3 4 5 6 8 9 10 11 12 13 14 18 21 22 25 29 36 38 39 43 44 
v: 9 10 12 22 29 41 
b: 2 3 
s: 6 15 18 27 33 34 35 36 42 43 
d: 1 4 5 6 7 8 9 10 19 20 27 29 32 33 41 
a: 0 1 4 5 6 7 11 13 14 22 33 34 36 37 42 43 
r: 5 6 11 14 15 16 17 28 35 39 43 44 
g: 3 12 18 19 20 26 28 30 
n: 1 3 6 12 14 18 22 23 28 30 36 40 
i: 3 9 10 12 14 15 18 23 24 26 27 28 30 33 35 41 45 
c: 4 5 13 
t: 5 11 14 15 24 25 26 27 30 35 36 37 38 39 43 45 
l: 4 25 26 32 
k: 6 
y: 7 
p: 8 35 40 
